Num        Typ       ManufacturUsername            Spec
0000000123 123       123       123                 123
0000000005 5         5         5                   5
0000000005 5         5         5                   5
0000000005 5         5         5                   5
0000000005 5         5         5                   5
0000000123 123       12        123                 3
0000000005 5         5         5                   5
0000123123 4         4         lek                 4
0000000005 5         5         5                   5
